  0.0020   3.250
  0.0040   3.230
  0.0059   3.320
  0.0070   3.360
  0.0100   3.520
  0.0118   3.730
  0.0120   3.915
  0.0150   4.390
  0.0160   4.460
  0.0180   4.870
  0.0200   4.910
  0.0214   4.740
  0.0230   4.790
  0.0240   4.760
  0.0260   4.720
  0.0280   4.550
  0.0305   4.470
  0.0320   4.460
  0.0330   4.560
  0.0335   4.550
  0.0360   4.530
  0.0361   4.540
  0.0370   4.450
  0.0388   4.470
  0.0400   4.420
  0.0420   4.450
  0.0423   4.430
  0.0440   4.410
  0.0457   4.390
  0.0470   4.380
  0.0480   4.380
  0.0486   4.410
  0.0507   4.360
  0.0520   4.275
  0.0529   4.270
  0.0551   4.300
  0.0560   4.230
  0.0569   4.330
  0.0570   4.420
  0.0600   4.360
  0.0607   4.290
  0.0610   4.380
  0.0640   4.384
  0.0645   4.480
  0.0680   4.320
  0.0705   4.130
  0.0720   4.050
  0.0741   4.090
  0.0760   4.070
  0.0770   3.890
  0.0799   3.790
  0.0800   3.775
  0.0829   3.860
  0.0830   3.990
  0.0840   3.960
  0.0860   3.920
  0.0870   3.970
  0.0880   4.000
  0.0894   3.940
  0.0910   3.970
  0.0920   3.840
  0.0950   3.800
  0.0960   3.720
  0.0967   3.780
  0.0990   3.760
  0.1000   3.760
  0.1004   3.710
  0.1040   3.685
  0.1062   3.780
  0.1090   3.880
  0.1120   3.765
  0.1140   3.540
  0.1160   3.690
  0.1188   3.450
  0.1190   3.410
  0.1200   3.010
  0.1217   3.130
  0.1240   3.000
  0.1244   3.250
  0.1260   3.570
  0.1269   3.700
  0.1280   4.070
  0.1312   4.210
  0.1320   4.450
  0.1330   4.670
  0.1360   4.750
  0.1400   4.750
  0.1410   4.650
  0.1440   4.610
  0.1447   4.700
  0.1450   4.720
  0.1466   4.700
  0.1480   4.680
  0.1482   4.790
  0.1498   4.700
  0.1510   4.650
  0.1521   4.560
  0.1548   4.530
  0.1560   4.490
  0.1600   4.490
  0.1610   4.490
  0.1630   4.440
  0.1640   4.410
  0.1660   4.360
  0.1677   4.370
  0.1680   4.340
  0.1710   4.270
  0.1720   4.275
  0.1760   4.290
  0.1763   4.360
  0.1800   4.340
  0.1808   4.380
  0.1810   4.320
  0.1840   4.260
  0.1860   4.240
  0.1873   4.020
  0.1880   3.920
  0.1900   3.780
  0.1938   3.560
  0.1950   3.440
  0.1955   3.440
  0.1960   3.540
  0.1969   3.610
  0.1990   3.600
  0.1996   3.600
  0.2000   3.550
  0.2020   3.540
  0.2040   3.510
  0.2051   3.600
  0.2079   3.570
  0.2080   3.630
  0.2115   3.600
  0.2120   3.640
  0.2160   3.590
  0.2161   3.570
  0.2190   3.640
  0.2200   4.080
  0.2223   4.210
  0.2240   4.375
  0.2256   4.300
  0.2280   4.270
  0.2289   3.930
  0.2320   3.985
  0.2321   3.950
  0.2354   3.930
  0.2360   3.705
  0.2387   3.580
  0.2400   3.510
  0.2420   3.580
  0.2427   3.730
  0.2440   4.065
  0.2451   4.270
  0.2473   4.350
  0.2480   4.440
  0.2493   4.480
  0.2515   4.470
  0.2520   4.485
  0.2535   4.470
  0.2557   4.400
  0.2560   4.370
  0.2576   4.270
  0.2590   4.310
  0.2599   4.320
  0.2600   4.310
  0.2619   4.170
  0.2627   4.180
  0.2640   4.210
  0.2651   4.470
  0.2669   4.380
  0.2670   4.410
  0.2697   4.380
  0.2720   4.360
  0.2724   4.170
  0.2730   4.140
  0.2760   4.070
  0.2779   4.060
  0.2780   3.990
  0.2825   3.870
  0.2840   3.895
  0.2872   3.870
  0.2880   3.840
  0.2900   3.910
  0.2920   4.000
  0.2941   4.160
  0.2960   4.180
  0.2965   4.200
  0.3000   4.240
  0.3018   4.170
  0.3040   4.010
  0.3059   3.880
  0.3105   3.640
  0.3120   3.570
  0.3152   3.670
  0.3160   3.730
  0.3180   3.630
  0.3199   3.720
  0.3240   3.400
  0.3250   3.300
  0.3280   3.310
  0.3292   3.380
  0.3320   3.360
  0.3330   3.470
  0.3338   3.570
  0.3360   3.800
  0.3387   3.940
  0.3400   4.205
  0.3405   4.490
  0.3440   4.420
  0.3442   4.380
  0.3470   4.490
  0.3480   4.480
  0.3490   4.470
  0.3503   4.420
  0.3520   4.550
  0.3530   4.530
  0.3536   4.390
  0.3560   4.340
  0.3569   4.390
  0.3600   4.320
  0.3602   4.220
  0.3630   4.190
  0.3640   4.180
  0.3650   4.240
  0.3660   4.280
  0.3668   4.190
  0.3680   4.210
  0.3685   4.140
  0.3716   4.170
  0.3720   4.175
  0.3733   4.100
  0.3760   4.140
  0.3771   4.130
  0.3780   4.110
  0.3799   4.100
  0.3800   4.040
  0.3832   3.980
  0.3840   3.950
  0.3865   3.850
  0.3880   3.840
  0.3890   3.790
  0.3898   3.740
  0.3920   3.750
  0.3931   3.660
  0.3950   3.620
  0.3960   3.530
  0.3964   3.520
  0.3979   3.470
  0.3987   3.320
  0.4000   3.280
  0.4009   3.110
  0.4010   3.090
  0.4017   3.080
  0.4033   3.140
  0.4040   3.070
  0.4046   3.140
  0.4060   3.325
  0.4075   3.470
  0.4080   3.510
  0.4090   3.440
  0.4106   3.390
  0.4120   3.670
  0.4125   3.580
  0.4160   4.200
  0.4162   3.860
  0.4180   4.280
  0.4198   3.970
  0.4200   4.035
  0.4230   3.880
  0.4240   3.970
  0.4250   4.210
  0.4271   4.550
  0.4280   4.690
  0.4310   4.660
  0.4312   4.740
  0.4320   4.780
  0.4344   4.850
  0.4360   4.870
  0.4380   4.940
  0.4400   4.820
  0.4410   4.720
  0.4417   4.710
  0.4440   4.590
  0.4450   4.680
  0.4453   4.650
  0.4480   4.560
  0.4500   4.640
  0.4520   4.530
  0.4526   4.380
  0.4540   4.420
  0.4545   4.340
  0.4560   4.300
  0.4577   4.430
  0.4600   4.370
  0.4613   4.470
  0.4640   4.390
  0.4645   4.330
  0.4650   4.360
  0.4680   4.300
  0.4686   4.400
  0.4720   4.340
  0.4740   3.900
  0.4759   3.940
  0.4760   3.880
  0.4780   3.930
  0.4795   4.110
  0.4800   4.140
  0.4830   3.930
  0.4849   3.910
  0.4880   3.640
  0.4914   3.670
  0.4920   3.710
  0.4960   3.810
  0.4973   3.810
  0.5000   3.870
  0.5020   3.850
  0.5040   4.050
  0.5060   4.040
  0.5080   3.940
  0.5110   4.010
  0.5120   4.050
  0.5160   4.175
  0.5168   4.190
  0.5200   4.120
  0.5210   4.020
  0.5240   3.870
  0.5250   3.930
  0.5280   4.000
  0.5295   4.040
  0.5310   4.140
  0.5320   3.990
  0.5360   4.165
  0.5400   4.220
  0.5410   4.350
  0.5422   4.330
  0.5450   4.390
  0.5480   4.450
  0.5500   4.340
  0.5520   4.430
  0.5540   4.340
  0.5549   4.280
  0.5560   4.360
  0.5580   4.220
  0.5600   4.100
  0.5620   4.160
  0.5640   3.990
  0.5670   3.920
  0.5676   3.850
  0.5680   3.710
  0.5707   3.770
  0.5710   3.780
  0.5720   3.760
  0.5735   3.760
  0.5750   3.495
  0.5770   3.520
  0.5780   3.510
  0.5790   3.570
  0.5800   3.735
  0.5805   3.780
  0.5821   3.840
  0.5830   3.810
  0.5840   3.970
  0.5846   4.030
  0.5870   3.970
  0.5880   4.000
  0.5883   3.840
  0.5898   3.770
  0.5915   3.770
  0.5920   3.730
  0.5930   3.680
  0.5954   3.680
  0.5960   3.710
  0.5967   3.680
  0.6000   3.670
  0.6009   3.770
  0.6010   3.870
  0.6040   4.000
  0.6050   4.020
  0.6080   3.820
  0.6092   3.780
  0.6100   3.670
  0.6120   3.745
  0.6140   3.700
  0.6154   3.690
  0.6166   3.310
  0.6190   3.480
  0.6192   3.500
  0.6200   3.890
  0.6211   3.980
  0.6230   4.180
  0.6240   4.330
  0.6270   4.480
  0.6280   4.640
  0.6310   4.840
  0.6320   4.830
  0.6350   4.980
  0.6360   4.840
  0.6380   4.800
  0.6399   4.760
  0.6400   4.630
  0.6413   4.680
  0.6420   4.680
  0.6440   4.540
  0.6443   4.490
  0.6460   4.580
  0.6480   4.490
  0.6490   4.520
  0.6520   4.530
  0.6530   4.420
  0.6560   4.490
  0.6570   4.460
  0.6572   4.450
  0.6598   4.440
  0.6600   4.455
  0.6625   4.400
  0.6640   4.445
  0.6664   4.320
  0.6678   4.390
  0.6680   4.280
  0.6708   4.200
  0.6710   4.180
  0.6720   4.270
  0.6731   4.240
  0.6750   4.210
  0.6757   4.350
  0.6760   4.120
  0.6784   4.270
  0.6800   4.160
  0.6810   4.040
  0.6837   3.770
  0.6840   3.860
  0.6850   3.700
  0.6864   3.630
  0.6880   3.650
  0.6920   3.510
  0.6960   3.640
  0.7000   3.680
  0.7010   3.820
  0.7040   3.830
  0.7050   3.960
  0.7078   4.060
  0.7080   4.060
  0.7120   4.230
  0.7130   4.320
  0.7150   4.320
  0.7160   4.430
  0.7165   4.530
  0.7200   4.450
  0.7235   4.250
  0.7240   4.260
  0.7250   4.240
  0.7269   4.140
  0.7280   4.090
  0.7304   4.040
  0.7320   4.000
  0.7340   4.020
  0.7360   4.070
  0.7390   4.080
  0.7409   4.130
  0.7440   4.160
  0.7448   4.240
  0.7450   4.210
  0.7478   4.290
  0.7480   4.310
  0.7513   4.360
  0.7520   4.360
  0.7548   4.460
  0.7550   4.410
  0.7560   4.470
  0.7570   4.490
  0.7583   4.460
  0.7600   4.380
  0.7610   4.210
  0.7618   4.190
  0.7630   4.160
  0.7640   4.190
  0.7653   4.160
  0.7660   4.170
  0.7671   4.160
  0.7680   4.100
  0.7720   4.020
  0.7741   3.940
  0.7760   3.770
  0.7778   3.720
  0.7840   3.630
  0.7880   4.050
  0.7920   4.380
  0.7960   4.430
  0.7966   4.430
  0.7977   4.410
  0.7994   4.400
  0.8000   4.330
  0.8035   4.270
  0.8050   4.320
  0.8080   4.100
  0.8110   3.900
  0.8120   3.930
  0.8160   3.990
  0.8182   3.890
  0.8200   3.870
  0.8240   3.850
  0.8253   3.850
  0.8280   3.900
  0.8320   3.880
  0.8347   3.860
  0.8360   3.840
  0.8400   3.600
  0.8430   3.540
  0.8440   3.510
  0.8480   3.650
  0.8520   3.630
  0.8527   3.640
  0.8598   3.460
  0.8600   3.630
  0.8623   3.760
  0.8640   3.960
  0.8678   4.130
  0.8680   4.320
  0.8720   4.520
  0.8760   4.550
  0.8781   4.390
  0.8800   4.350
  0.8812   4.380
  0.8840   4.370
  0.8843   4.430
  0.8904   4.290
  0.8960   4.130
  0.8966   4.110
  0.9000   4.070
  0.9031   4.100
  0.9058   4.050
  0.9080   3.980
  0.9089   3.910
  0.9119   4.070
  0.9120   4.210
  0.9134   4.230
  0.9150   4.320
  0.9160   4.150
  0.9186   4.150
  0.9200   4.080
  0.9237   3.980
  0.9240   4.040
  0.9276   4.000
  0.9280   3.980
  0.9312   3.890
  0.9320   3.820
  0.9336   3.760
  0.9360   3.740
  0.9400   3.620
  0.9440   3.495
  0.9480   3.380
  0.9517   3.260
  0.9520   3.230
  0.9549   3.330
  0.9560   3.560
  0.9580   3.800
  0.9600   4.090
  0.9640   4.240
  0.9641   4.160
  0.9661   4.140
  0.9680   4.010
  0.9705   4.020
  0.9720   3.830
  0.9738   3.780
  0.9760   3.790
  0.9776   3.820
  0.9800   3.910
  0.9809   3.950
  0.9840   3.870
  0.9852   3.900
  0.9880   3.970
  0.9890   3.910
  0.9920   3.830
  0.9926   3.770
  0.9960   3.780
  0.9973   3.760
  1.0000   3.780
  1.0014   3.820
  1.0033   3.980
  1.0040   4.000
  1.0073   4.210
  1.0080   4.170
  1.0097   4.100
  1.0120   4.010
  1.0140   3.910
  1.0160   3.820
  1.0165   3.780
  1.0191   3.690
  1.0200   3.720
  1.0216   3.740
  1.0240   3.650
  1.0241   3.590
  1.0249   3.520
  1.0276   3.620
  1.0280   3.640
  1.0343   4.230
  1.0356   4.300
  1.0360   4.260
  1.0373   4.310
  1.0400   4.350
  1.0409   4.310
  1.0480   4.260
  1.0481   4.030
  1.0517   4.020
  1.0520   3.890
  1.0560   3.730
  1.0569   3.730
  1.0600   3.440
  1.0609   3.310
  1.0628   3.390
  1.0640   3.170
  1.0659   3.210
  1.0680   3.120
  1.0694   3.180
  1.0730   3.290
  1.0760   3.450
  1.0778   3.510
  1.0800   3.700
  1.0840   3.680
  1.0873   3.800
  1.0880   3.790
  1.0921   3.850
  1.0947   3.830
  1.0960   3.860
  1.0991   3.860
  1.1000   3.890
  1.1017   3.850
  1.1040   3.780
  1.1071   3.720
  1.1080   3.680
  1.1106   3.720
  1.1120   3.800
  1.1160   3.945
  1.1200   4.110
  1.1237   4.220
  1.1240   4.280
  1.1275   4.280
  1.1280   4.280
  1.1293   4.370
  1.1320   4.240
  1.1331   4.170
  1.1360   4.150
  1.1375   3.970
  1.1400   3.970
  1.1433   3.880
  1.1440   3.850
  1.1472   3.820
  1.1480   3.750
  1.1520   3.760
  1.1560   3.770
  1.1602   3.590
  1.1640   3.550
  1.1658   3.610
  1.1680   3.580
  1.1697   3.620
  1.1720   3.490
  1.1730   3.550
  1.1758   3.510
  1.1760   3.480
  1.1791   3.500
  1.1800   3.490
  1.1812   3.600
  1.1840   3.470
  1.1855   3.580
  1.1880   3.550
  1.1899   3.790
  1.1920   3.670
  1.1927   3.830
  1.1960   3.980
  1.1965   4.110
  1.2000   4.170
  1.2004   4.200
  1.2040   4.290
  1.2042   4.270
  1.2060   4.300
  1.2080   4.350
  1.2081   4.370
  1.2119   4.400
  1.2120   4.460
  1.2137   4.240
  1.2160   4.210
  1.2176   3.950
  1.2200   3.870
  1.2240   3.750
  1.2276   3.490
  1.2280   3.370
  1.2317   3.240
  1.2320   3.170
  1.2358   3.230
  1.2360   3.240
  1.2400   3.290
  1.2440   3.620
  1.2480   4.160
  1.2488   4.280
  1.2499   4.340
  1.2520   4.340
  1.2523   4.280
  1.2536   4.310
  1.2550   4.250
  1.2570   4.040
  1.2600   3.880
  1.2642   3.930
  1.2675   3.730
  1.2680   3.700
  1.2718   3.570
  1.2720   3.600
  1.2757   3.600
  1.2760   3.610
  1.2800   3.720
  1.2817   3.770
  1.2840   3.860
  1.2852   4.000
  1.2880   4.070
  1.2891   4.200
  1.2919   4.280
  1.2920   4.220
  1.2929   4.160
  1.2960   4.080
  1.2967   4.090
  1.3000   3.970
  1.3006   3.880
  1.3039   3.800
  1.3040   3.750
  1.3056   3.730
  1.3080   3.770
  1.3091   3.770
  1.3120   3.800
  1.3144   3.770
  1.3160   3.830
  1.3172   3.840
  1.3200   3.780
  1.3205   3.820
  1.3237   3.860
  1.3240   3.880
  1.3269   3.900
  1.3280   3.990
  1.3301   4.000
  1.3320   4.030
  1.3334   4.080
  1.3360   4.170
  1.3366   4.160
  1.3379   4.080
  1.3400   3.920
  1.3427   3.720
  1.3440   3.600
  1.3458   3.550
  1.3480   3.540
  1.3503   3.380
  1.3520   3.290
  1.3543   3.270
  1.3560   3.260
  1.3588   3.370
  1.3600   3.550
  1.3620   3.640
  1.3636   3.870
  1.3640   3.970
  1.3665   4.010
  1.3680   4.070
  1.3689   4.050
  1.3720   4.090
  1.3751   4.040
  1.3760   3.900
  1.3796   4.010
  1.3800   3.960
  1.3840   3.810
  1.3848   3.770
  1.3880   3.410
  1.3920   3.420
  1.3953   3.510
  1.3960   3.520
  1.4000   3.430
  1.4006   3.430
  1.4040   3.610
  1.4058   3.650
  1.4080   3.890
  1.4117   3.880
  1.4120   3.980
  1.4160   4.010
  1.4200   3.980
  1.4208   4.000
  1.4249   4.010
  1.4280   3.670
  1.4320   3.370
  1.4360   3.490
  1.4400   3.400
  1.4403   3.370
  1.4440   3.320
  1.4466   3.320
  1.4480   3.350
  1.4528   3.430
  1.4560   3.730
  1.4567   3.900
  1.4584   4.030
  1.4593   4.170
  1.4600   4.190
  1.4613   4.150
  1.4623   4.190
  1.4640   4.240
  1.4644   4.070
  1.4679   3.960
  1.4680   3.880
  1.4720   3.910
  1.4760   3.760
  1.4779   3.520
  1.4800   3.480
  1.4880   3.450
  1.4930   3.640
  1.4960   4.080
  1.5000   4.250
  1.5004   4.290
  1.5031   4.190
  1.5040   4.110
  1.5080   4.170
  1.5088   4.210
  1.5120   4.100
  1.5144   3.930
  1.5160   3.960
  1.5174   3.900
  1.5200   3.820
  1.5204   3.740
  1.5233   3.650
  1.5240   3.630
  1.5263   3.680
  1.5279   3.730
  1.5320   4.110
  1.5335   4.220
  1.5360   4.310
  1.5397   4.200
  1.5400   4.190
  1.5426   4.280
  1.5440   4.160
  1.5472   4.140
  1.5480   4.090
  1.5493   3.970
  1.5520   3.880
  1.5560   3.810
  1.5568   3.670
  1.5581   3.620
  1.5613   3.460
  1.5638   3.470
  1.5640   3.560
  1.5662   3.620
  1.5679   3.740
  1.5680   3.830
  1.5712   3.970
  1.5720   4.020
  1.5730   4.120
  1.5760   4.070
  1.5767   4.130
  1.5796   4.140
  1.5800   4.070
  1.5829   4.130
  1.5840   4.030
  1.5858   4.110
  1.5880   4.060
  1.5895   3.950
  1.5920   3.910
  1.5960   3.680
  1.5995   3.670
  1.6000   3.630
  1.6010   3.640
  1.6040   3.570
  1.6066   3.460
  1.6080   3.490
  1.6123   3.560
  1.6160   3.670
  1.6161   3.700
  1.6189   3.670
  1.6200   3.740
  1.6227   3.730
  1.6240   3.770
  1.6260   3.850
  1.6280   3.830
  1.6293   3.880
  1.6326   3.770
  1.6340   3.650
  1.6360   3.530
  1.6393   3.560
  1.6400   3.600
  1.6430   3.690
  1.6459   3.810
  1.6480   4.070
  1.6520   4.230
  1.6524   4.320
  1.6557   4.260
  1.6560   4.200
  1.6600   4.160
  1.6623   4.110
  1.6640   4.110
  1.6656   4.130
  1.6680   4.070
  1.6704   3.980
  1.6720   3.960
  1.6754   3.780
  1.6760   3.840
  1.6787   3.700
  1.6800   3.630
  1.6819   3.710
  1.6840   3.610
  1.6852   3.680
  1.6880   3.700
  1.6885   3.670
  1.6918   3.740
  1.6951   3.740
  1.6960   3.910
  1.6979   4.040
  1.7003   4.170
  1.7040   4.010
  1.7053   3.860
  1.7078   3.830
  1.7080   3.830
  1.7120   3.720
  1.7124   3.700
  1.7153   3.640
  1.7160   3.670
  1.7199   3.810
  1.7228   3.810
  1.7240   3.750
  1.7257   3.860
  1.7280   3.840
  1.7294   3.750
  1.7327   3.590
  1.7358   3.510
  1.7360   3.490
  1.7416   3.800
  1.7440   4.010
  1.7443   4.000
  1.7480   3.840
  1.7501   3.740
  1.7530   3.650
  1.7551   3.570
  1.7560   3.470
  1.7580   3.470
  1.7600   3.460
  1.7609   3.550
  1.7630   3.520
  1.7640   3.535
  1.7651   3.520
  1.7660   3.570
  1.7675   3.550
  1.7680   3.450
  1.7690   3.480
  1.7720   3.570
  1.7722   3.650
  1.7760   3.670
  1.7787   3.600
  1.7790   3.640
  1.7800   3.670
  1.7819   3.850
  1.7820   3.800
  1.7840   3.830
  1.7850   3.840
  1.7851   3.790
  1.7880   3.880
  1.7883   4.000
  1.7890   4.040
  1.7920   3.925
  1.7947   3.730
  1.7960   3.890
  1.7983   3.890
  1.7990   3.770
  1.8000   3.720
  1.8011   3.770
  1.8020   3.640
  1.8040   3.700
  1.8050   3.720
  1.8070   3.730
  1.8075   3.720
  1.8080   3.660
  1.8100   3.580
  1.8107   3.550
  1.8120   3.590
  1.8130   3.560
  1.8140   3.570
  1.8150   3.750
  1.8160   3.730
  1.8172   3.700
  1.8180   3.730
  1.8200   3.695
  1.8204   3.600
  1.8230   3.580
  1.8240   3.540
  1.8251   3.580
  1.8260   3.600
  1.8268   3.640
  1.8280   3.620
  1.8290   3.680
  1.8320   3.620
  1.8332   3.650
  1.8340   3.680
  1.8360   3.680
  1.8364   3.680
  1.8390   3.830
  1.8400   3.935
  1.8410   3.870
  1.8428   3.890
  1.8430   3.890
  1.8440   3.800
  1.8450   3.910
  1.8465   3.820
  1.8480   3.765
  1.8492   3.600
  1.8500   3.670
  1.8520   3.555
  1.8524   3.460
  1.8550   3.470
  1.8560   3.450
  1.8572   3.570
  1.8589   3.560
  1.8590   3.570
  1.8610   3.660
  1.8640   3.680
  1.8660   3.650
  1.8680   3.610
  1.8700   3.590
  1.8710   3.600
  1.8717   3.570
  1.8720   3.610
  1.8749   3.510
  1.8750   3.530
  1.8760   3.600
  1.8780   3.600
  1.8781   3.730
  1.8800   3.765
  1.8813   3.740
  1.8840   3.715
  1.8845   3.630
  1.8860   3.650
  1.8880   3.620
  1.8892   3.500
  1.8900   3.530
  1.8909   3.400
  1.8920   3.445
  1.8940   3.580
  1.8946   3.570
  1.8960   3.570
  1.8980   3.450
  1.9000   3.530
  1.9006   3.680
  1.9020   3.770
  1.9038   3.780
  1.9040   3.780
  1.9060   3.780
  1.9070   3.750
  1.9080   3.855
  1.9081   3.890
  1.9102   3.910
  1.9120   3.925
  1.9140   4.030
  1.9160   4.040
  1.9162   4.000
  1.9180   3.850
  1.9200   3.820
  1.9213   3.720
  1.9220   3.710
  1.9230   3.670
  1.9240   3.795
  1.9260   3.730
  1.9267   3.710
  1.9280   3.630
  1.9290   3.640
  1.9310   3.620
  1.9320   3.750
  1.9326   3.730
  1.9330   3.800
  1.9359   3.670
  1.9360   3.680
  1.9370   3.560
  1.9390   3.650
  1.9391   3.580
  1.9400   3.630
  1.9420   3.620
  1.9423   3.570
  1.9440   3.560
  1.9460   3.610
  1.9480   3.715
  1.9487   3.720
  1.9520   3.820
  1.9530   3.870
  1.9550   3.810
  1.9551   3.830
  1.9570   3.680
  1.9583   3.780
  1.9590   3.760
  1.9600   3.720
  1.9610   3.800
  1.9615   3.810
  1.9620   3.710
  1.9634   3.730
  1.9640   3.740
  1.9660   3.760
  1.9680   3.690
  1.9690   3.620
  1.9710   3.650
  1.9714   3.640
  1.9720   3.660
  1.9731   3.440
  1.9740   3.460
  1.9750   3.460
  1.9767   3.540
  1.9790   3.600
  1.9795   3.470
  1.9800   3.510
  1.9810   3.480
  1.9820   3.450
  1.9827   3.440
  1.9840   3.575
  1.9850   3.680
  1.9863   3.780
  1.9870   3.790
  1.9880   3.750
  1.9891   3.830
  1.9900   3.760
  1.9920   3.740
  1.9923   3.820
  1.9930   3.750
  1.9955   3.750
  1.9960   3.660
  1.9987   3.640
  1.9990   3.600
  2.0000   3.750
  2.0020   3.780
  2.0040   3.720
  2.0047   3.740
  2.0070   3.600
  2.0080   3.600
  2.0100   3.530
  2.0120   3.590
  2.0130   3.620
  2.0148   3.590
  2.0160   3.540
  2.0176   3.480
  2.0190   3.470
  2.0200   3.550
  2.0212   3.360
  2.0220   3.380
  2.0240   3.385
  2.0248   3.490
  2.0260   3.510
  2.0270   3.560
  2.0276   3.530
  2.0280   3.530
  2.0290   3.610
  2.0300   3.550
  2.0308   3.620
  2.0320   3.620
  2.0330   3.620
  2.0350   3.540
  2.0355   3.640
  2.0360   3.610
  2.0377   3.620
  2.0380   3.600
  2.0400   3.750
  2.0410   3.730
  2.0420   3.700
  2.0430   3.750
  2.0436   3.760
  2.0440   3.790
  2.0450   3.900
  2.0460   3.830
  2.0469   3.760
  2.0470   3.770
  2.0480   3.755
  2.0501   3.640
  2.0520   3.630
  2.0533   3.680
  2.0550   3.690
  2.0560   3.655
  2.0569   3.730
  2.0580   3.870
  2.0597   3.740
  2.0600   3.735
  2.0610   3.600
  2.0620   3.720
  2.0629   3.690
  2.0640   3.805
  2.0650   3.830
  2.0670   3.750
  2.0676   3.780
  2.0680   3.925
  2.0689   3.950
  2.0700   3.940
  2.0720   3.940
  2.0729   4.070
  2.0730   4.000
  2.0750   3.930
  2.0753   4.020
  2.0760   3.985
  2.0780   3.940
  2.0790   3.940
  2.0800   4.045
  2.0820   3.880
  2.0826   3.870
  2.0840   4.055
  2.0854   4.070
  2.0860   3.880
  2.0880   3.890
  2.0890   3.720
  2.0918   3.810
  2.0920   3.870
  2.0940   3.770
  2.0958   3.660
  2.0960   3.555
  2.0980   3.550
  2.0997   3.470
  2.1000   3.450
  2.1014   3.490
  2.1020   3.460
  2.1040   3.605
  2.1050   3.780
  2.1060   3.840
  2.1078   3.750
  2.1080   3.740
  2.1110   3.760
  2.1120   3.720
  2.1140   3.610
  2.1142   3.570
  2.1160   3.560
  2.1170   3.530
  2.1174   3.510
  2.1200   3.565
  2.1206   3.590
  2.1239   3.630
  2.1240   3.750
  2.1270   3.790
  2.1280   3.760
  2.1310   3.740
  2.1318   3.720
  2.1320   3.830
  2.1330   3.670
  2.1340   3.650
  2.1370   3.580
  2.1395   3.530
  2.1400   3.530
  2.1430   3.540
  2.1440   3.560
  2.1460   3.780
  2.1480   3.915
  2.1495   4.100
  2.1510   4.110
  2.1520   4.020
  2.1532   3.940
  2.1540   3.800
  2.1559   3.800
  2.1560   3.800
  2.1583   3.870
  2.1590   3.770
  2.1600   3.820
  2.1613   3.890
  2.1620   3.870
  2.1640   3.980
  2.1647   3.960
  2.1670   3.860
  2.1677   3.800
  2.1680   3.810
  2.1700   3.660
  2.1711   3.750
  2.1720   3.770
  2.1730   3.750
  2.1741   3.710
  2.1750   3.790
  2.1760   3.720
  2.1775   3.720
  2.1780   3.720
  2.1800   3.640
  2.1805   3.590
  2.1810   3.560
  2.1829   3.620
  2.1830   3.570
  2.1840   3.580
  2.1860   3.520
  2.1861   3.550
  2.1880   3.560
  2.1908   3.540
  2.1910   3.550
  2.1920   3.525
  2.1925   3.530
  2.1940   3.570
  2.1960   3.655
  2.1961   3.700
  2.1980   3.670
  2.1989   3.670
  2.1990   3.690
  2.2000   3.670
  2.2010   3.680
  2.2020   3.680
  2.2040   3.670
  2.2053   3.610
  2.2060   3.570
  2.2070   3.510
  2.2080   3.610
  2.2090   3.520
  2.2110   3.530
  2.2118   3.480
  2.2120   3.430
  2.2130   3.560
  2.2150   3.570
  2.2160   3.620
  2.2170   3.670
  2.2182   3.550
  2.2200   3.595
  2.2229   3.600
  2.2230   3.590
  2.2246   3.520
  2.2270   3.450
  2.2280   3.440
  2.2282   3.400
  2.2300   3.400
  2.2310   3.390
  2.2320   3.480
  2.2330   3.500
  2.2350   3.630
  2.2360   3.610
  2.2380   3.670
  2.2400   3.600
  2.2406   3.600
  2.2420   3.710
  2.2438   3.810
  2.2440   3.760
  2.2460   3.870
  2.2470   3.830
  2.2480   3.810
  2.2500   3.730
  2.2502   3.660
  2.2530   3.550
  2.2550   3.595
  2.2560   3.710
  2.2570   3.650
  2.2571   3.480
  2.2600   3.395
  2.2620   3.420
  2.2640   3.250
  2.2650   3.240
  2.2680   3.260
  2.2695   3.260
  2.2700   3.330
  2.2720   3.340
  2.2727   3.460
  2.2750   3.480
  2.2759   3.580
  2.2760   3.620
  2.2770   3.650
  2.2791   3.730
  2.2800   3.700
  2.2823   3.810
  2.2830   3.850
  2.2840   3.880
  2.2860   3.840
  2.2870   3.820
  2.2880   3.725
  2.2887   3.730
  2.2910   3.640
  2.2920   3.700
  2.2930   3.700
  2.2952   3.630
  2.2960   3.475
  2.2990   3.410
  2.3000   3.370
  2.3040   3.480
  2.3048   3.450
  2.3070   3.470
  2.3080   3.470
  2.3090   3.470
  2.3112   3.530
  2.3120   3.610
  2.3140   3.760
  2.3160   3.780
  2.3180   3.660
  2.3191   3.590
  2.3200   3.500
  2.3208   3.570
  2.3220   3.550
  2.3240   3.470
  2.3245   3.470
  2.3250   3.520
  2.3270   3.520
  2.3272   3.550
  2.3280   3.560
  2.3300   3.580
  2.3305   3.530
  2.3320   3.550
  2.3330   3.530
  2.3337   3.560
  2.3360   3.565
  2.3390   3.650
  2.3401   3.620
  2.3420   3.560
  2.3433   3.470
  2.3450   3.240
  2.3465   3.160
  2.3480   3.185
  2.3512   3.240
  2.3520   3.325
  2.3529   3.360
  2.3550   3.430
  2.3560   3.460
  2.3580   3.530
  2.3593   3.670
  2.3600   3.720
  2.3610   3.830
  2.3625   3.850
  2.3640   3.820
  2.3680   3.805
  2.3689   3.770
  2.3710   3.800
  2.3720   3.770
  2.3740   3.760
  2.3760   3.640
  2.3770   3.700
  2.3790   3.520
  2.3800   3.520
  2.3810   3.470
  2.3840   3.470
  2.3846   3.500
  2.3848   3.490
  2.3860   3.400
  2.3867   3.390
  2.3880   3.225
  2.3910   3.280
  2.3912   3.250
  2.3929   3.280
  2.3950   3.290
  2.3960   3.290
  2.3963   3.310
  2.3980   3.380
  2.3993   3.390
  2.4000   3.420
  2.4027   3.590
  2.4030   3.610
  2.4040   3.660
  2.4051   3.600
  2.4070   3.640
  2.4080   3.620
  2.4083   3.710
  2.4090   3.670
  2.4120   3.795
  2.4130   3.880
  2.4147   3.810
  2.4150   3.580
  2.4160   3.670
  2.4170   3.620
  2.4184   3.610
  2.4190   3.680
  2.4200   3.630
  2.4210   3.640
  2.4211   3.520
  2.4240   3.320
  2.4270   3.410
  2.4275   3.430
  2.4280   3.580
  2.4308   3.610
  2.4310   3.620
  2.4350   3.720
  2.4360   3.660
  2.4372   3.590
  2.4380   3.670
  2.4400   3.735
  2.4420   3.880
  2.4430   3.930
  2.4440   3.790
  2.4450   3.910
  2.4451   3.810
  2.4468   3.840
  2.4470   4.030
  2.4480   3.820
  2.4490   3.990
  2.4500   3.950
  2.4520   3.980
  2.4540   3.830
  2.4550   3.660
  2.4560   3.620
  2.4564   3.740
  2.4590   3.650
  2.4596   3.640
  2.4600   3.730
  2.4620   3.680
  2.4628   3.770
  2.4630   3.650
  2.4640   3.430
  2.4650   3.630
  2.4660   3.560
  2.4670   3.440
  2.4680   3.500
  2.4690   3.300
  2.4700   3.320
  2.4720   3.535
  2.4725   3.530
  2.4740   3.510
  2.4760   3.580
  2.4770   3.710
  2.4772   3.710
  2.4789   3.760
  2.4800   3.810
  2.4820   3.900
  2.4840   3.885
  2.4849   3.890
  2.4860   3.940
  2.4880   3.840
  2.4885   3.940
  2.4900   3.950
  2.4917   3.960
  2.4920   3.880
  2.4960   3.760
  2.4981   3.850
  2.4990   3.920
  2.5000   3.740
  2.5020   3.590
  2.5040   3.530
  2.5041   3.510
  2.5080   3.635
  2.5110   3.785
  2.5120   3.800
  2.5146   3.730
  2.5160   3.710
  2.5169   3.730
  2.5170   3.700
  2.5200   3.790
  2.5220   3.960
  2.5230   4.150
  2.5240   4.110
  2.5250   4.100
  2.5260   4.080
  2.5280   4.115
  2.5290   3.980
  2.5300   3.940
  2.5302   3.840
  2.5310   3.810
  2.5320   3.910
  2.5330   4.000
  2.5340   3.970
  2.5360   3.750
  2.5370   3.620
  2.5380   3.560
  2.5390   3.540
  2.5400   3.490
  2.5413   3.480
  2.5420   3.430
  2.5430   3.360
  2.5440   3.335
  2.5460   3.370
  2.5467   3.370
  2.5470   3.290
  2.5480   3.300
  2.5490   3.300
  2.5495   3.390
  2.5520   3.410
  2.5527   3.450
  2.5560   3.500
  2.5600   3.390
  2.5623   3.400
  2.5630   3.410
  2.5640   3.370
  2.5655   3.370
  2.5660   3.420
  2.5680   3.480
  2.5687   3.460
  2.5690   3.450
  2.5720   3.380
  2.5734   3.570
  2.5740   3.600
  2.5760   3.430
  2.5770   3.350
  2.5788   3.300
  2.5800   3.465
  2.5816   3.460
  2.5830   3.460
  2.5840   3.490
  2.5855   3.400
  2.5860   3.360
  2.5880   3.450
  2.5890   3.370
  2.5893   3.420
  2.5920   3.420
  2.5932   3.390
  2.5940   3.430
  2.5960   3.475
  2.5980   3.540
  2.5985   3.590
  2.6000   3.500
  2.6021   3.630
  2.6030   3.700
  2.6040   3.610
  2.6050   3.800
  2.6062   3.820
  2.6070   3.820
  2.6080   3.680
  2.6090   3.800
  2.6098   3.730
  2.6110   3.690
  2.6120   3.680
  2.6139   3.730
  2.6140   3.730
  2.6160   3.745
  2.6175   3.700
  2.6180   3.730
  2.6200   3.715
  2.6216   3.650
  2.6220   3.640
  2.6240   3.480
  2.6270   3.410
  2.6293   3.160
  2.6320   3.280
  2.6330   3.290
  2.6350   3.160
  2.6360   3.100
  2.6370   3.170
  2.6400   3.420
  2.6420   3.460
  2.6440   3.590
  2.6470   3.650
  2.6480   3.620
  2.6490   3.560
  2.6510   3.720
  2.6518   3.760
  2.6520   3.830
  2.6540   3.700
  2.6560   3.795
  2.6580   3.670
  2.6595   3.610
  2.6630   3.410
  2.6633   3.360
  2.6640   3.330
  2.6680   3.190
  2.6700   3.260
  2.6710   3.250
  2.6720   3.275
  2.6740   3.250
  2.6760   3.310
  2.6767   3.330
  2.6770   3.340
  2.6790   3.280
  2.6800   3.320
  2.6810   3.360
  2.6831   3.390
  2.6840   3.500
  2.6864   3.590
  2.6880   3.740
  2.6890   3.700
  2.6902   3.770
  2.6910   3.800
  2.6920   3.810
  2.6960   3.845
  2.6979   3.730
  2.6990   3.790
  2.7000   3.730
  2.7010   3.610
  2.7040   3.660
  2.7056   3.690
  2.7060   3.670
  2.7080   3.530
  2.7095   3.620
  2.7100   3.660
  2.7120   3.805
  2.7140   3.860
  2.7160   3.750
  2.7171   3.760
  2.7200   3.740
  2.7215   3.750
  2.7230   3.630
  2.7240   3.680
  2.7248   3.550
  2.7250   3.520
  2.7260   3.520
  2.7280   3.580
  2.7287   3.530
  2.7300   3.500
  2.7317   3.510
  2.7320   3.555
  2.7330   3.630
  2.7350   3.690
  2.7360   3.730
  2.7380   3.690
  2.7400   3.570
  2.7402   3.500
  2.7410   3.440
  2.7420   3.380
  2.7440   3.513
  2.7450   3.650
  2.7479   3.470
  2.7480   3.200
  2.7490   2.970
  2.7510   3.000
  2.7520   3.080
  2.7530   3.110
  2.7550   3.200
  2.7590   3.170
  2.7600   3.190
  2.7610   3.150
  2.7640   3.210
  2.7650   3.290
  2.7660   3.280
  2.7680   3.235
  2.7700   3.290
  2.7720   3.350
  2.7740   3.360
  2.7748   3.390
  2.7760   3.415
  2.7786   3.350
  2.7790   3.400
  2.7800   3.420
  2.7825   3.340
  2.7850   3.340
  2.7863   3.300
  2.7870   3.280
  2.7880   3.250
  2.7890   3.270
  2.7919   3.290
  2.7920   3.335
  2.7940   3.360
  2.7950   3.340
  2.7960   3.390
  2.7980   3.350
  2.7983   3.340
  2.8000   3.340
  2.8017   3.370
  2.8020   3.360
  2.8040   3.350
  2.8070   3.320
  2.8080   3.380
  2.8093   3.430
  2.8100   3.490
  2.8120   3.480
  2.8130   3.500
  2.8132   3.530
  2.8150   3.600
  2.8160   3.690
  2.8170   3.850
  2.8200   3.800
  2.8220   3.720
  2.8240   3.615
  2.8260   3.550
  2.8280   3.500
  2.8290   3.550
  2.8304   3.490
  2.8320   3.380
  2.8324   3.280
  2.8360   3.275
  2.8368   3.290
  2.8380   3.300
  2.8400   3.285
  2.8401   3.310
  2.8410   3.290
  2.8430   3.280
  2.8439   3.370
  2.8440   3.390
  2.8450   3.340
  2.8478   3.340
  2.8480   3.405
  2.8500   3.480
  2.8516   3.460
  2.8520   3.480
  2.8530   3.550
  2.8560   3.540
  2.8570   3.580
  2.8590   3.510
  2.8593   3.460
  2.8606   3.280
  2.8620   3.260
  2.8640   3.325
  2.8660   3.360
  2.8680   3.310
  2.8710   3.300
  2.8720   3.290
  2.8730   3.310
  2.8750   3.280
  2.8760   3.250
  2.8761   3.170
  2.8780   3.120
  2.8789   3.180
  2.8800   3.235
  2.8810   3.180
  2.8827   3.230
  2.8830   3.300
  2.8840   3.370
  2.8850   3.500
  2.8870   3.550
  2.8880   3.490
  2.8884   3.410
  2.8890   3.460
  2.8904   3.400
  2.8910   3.520
  2.8920   3.550
  2.8940   3.520
  2.8948   3.490
  2.8960   3.480
  2.8980   3.360
  2.8981   3.370
  2.9000   3.405
  2.9010   3.410
  2.9030   3.380
  2.9040   3.390
  2.9058   3.430
  2.9080   3.410
  2.9090   3.440
  2.9096   3.360
  2.9120   3.340
  2.9130   3.200
  2.9135   3.210
  2.9160   3.310
  2.9173   3.370
  2.9200   3.345
  2.9240   3.500
  2.9260   3.450
  2.9268   3.450
  2.9280   3.295
  2.9283   3.420
  2.9290   3.480
  2.9300   3.460
  2.9310   3.590
  2.9330   3.500
  2.9332   3.540
  2.9350   3.660
  2.9360   3.480
  2.9365   3.420
  2.9380   3.350
  2.9390   3.310
  2.9400   3.405
  2.9404   3.280
  2.9410   3.220
  2.9420   3.150
  2.9440   3.090
  2.9442   3.080
  2.9460   2.960
  2.9480   3.025
  2.9510   3.050
  2.9519   3.030
  2.9540   3.010
  2.9550   3.040
  2.9557   3.050
  2.9570   3.170
  2.9580   3.200
  2.9590   3.260
  2.9591   3.280
  2.9600   3.260
  2.9610   3.260
  2.9630   3.250
  2.9640   3.290
  2.9650   3.210
  2.9652   3.190
  2.9660   3.190
  2.9670   3.230
  2.9673   3.340
  2.9680   3.330
  2.9710   3.340
  2.9716   3.300
  2.9720   3.310
  2.9730   3.260
  2.9749   3.290
  2.9760   3.320
  2.9770   3.370
  2.9788   3.410
  2.9800   3.330
  2.9820   3.250
  2.9826   3.150
  2.9840   3.170
  2.9865   3.250
  2.9880   3.140
  2.9890   3.130
  2.9908   3.120
  2.9910   3.080
  2.9940   3.100
  2.9942   3.110
  2.9960   3.135
  2.9980   3.145
  3.0000   3.285
  3.0030   3.400
